{
  "nbformat": 4,
  "nbformat_minor": 0,
  "metadata": {
    "colab": {
      "provenance": [],
      "authorship_tag": "ABX9TyPBZ5QEuurW6LQDP3IDrO82",
      "include_colab_link": true
    },
    "kernelspec": {
      "name": "python3",
      "display_name": "Python 3"
    },
    "language_info": {
      "name": "python"
    }
  },
  "cells": [
    {
      "cell_type": "markdown",
      "metadata": {
        "id": "view-in-github",
        "colab_type": "text"
      },
      "source": [
        "<a href=\"https://colab.research.google.com/github/tumikosha/ds/blob/main/turism_locations.ipynb\" target=\"_parent\"><img src=\"https://colab.research.google.com/assets/colab-badge.svg\" alt=\"Open In Colab\"/></a>"
      ]
    },
    {
      "cell_type": "code",
      "execution_count": 119,
      "metadata": {
        "id": "23qXulMnT2Lg",
        "colab": {
          "base_uri": "https://localhost:8080/"
        },
        "outputId": "77ef46e7-5388-4d77-c645-21d97e055aee"
      },
      "outputs": [
        {
          "output_type": "stream",
          "name": "stdout",
          "text": [
            "  % Total    % Received % Xferd  Average Speed   Time    Time     Time  Current\n",
            "                                 Dload  Upload   Total   Spent    Left  Speed\n",
            "  0     0    0     0    0     0      0      0 --:--:-- --:--:-- --:--:--     0\n",
            "100 1914k  100 1914k    0     0  2165k      0 --:--:-- --:--:-- --:--:-- 2165k\n"
          ]
        }
      ],
      "source": [
        "# !curl -L -o etapa1_full.csv https://drive.google.com/u/0/uc?id=1_sjviByPoVQPJA5ZDhdOej-HvvifbBXA\n",
        "# !curl -L -o etapa2.csv https://drive.google.com/u/0/uc?id=1ixzeORjUzJLT7nEetQ6amJP0wQH01DNR\n",
        "# !curl -L -o etapa3.csv https://drive.google.com/u/0/uc?id=1auvyubEeTFMZpMyzK80HmOkDsbwpUJxJ \n",
        "# !curl -L -o etapa4.csv https://drive.google.com/u/0/uc?id=1aBt3zjn6M-ceDpsdXMoZU21q9DbP2z8n \n",
        "!curl -L  https://drive.google.com/uc?id=1Hi188_hFHApCCNtCQ6Spv5lO2DgORFUf   >turism.csv"
      ]
    },
    {
      "cell_type": "code",
      "source": [
        "import pandas as pd\n",
        "df = pd.read_csv(\"turism.csv\")\n",
        "df.corr()"
      ],
      "metadata": {
        "colab": {
          "base_uri": "https://localhost:8080/",
          "height": 584
        },
        "id": "F6ouhVyT11h2",
        "outputId": "1c1996d6-a056-4e9a-a8e4-019659f405d3"
      },
      "execution_count": 120,
      "outputs": [
        {
          "output_type": "execute_result",
          "data": {
            "text/plain": [
              "                    id        Q3        Q4        Q8      Q9_1  Q25_1_Total  \\\n",
              "id            1.000000 -0.026273  0.031013  0.064482  0.130939    -0.050407   \n",
              "Q3           -0.026273  1.000000  0.028114 -0.002291 -0.022807    -0.053499   \n",
              "Q4            0.031013  0.028114  1.000000  0.111387  0.016952     0.129127   \n",
              "Q8            0.064482 -0.002291  0.111387  1.000000  0.033911     0.032611   \n",
              "Q9_1          0.130939 -0.022807  0.016952  0.033911  1.000000     0.039714   \n",
              "Q25_1_Total  -0.050407 -0.053499  0.129127  0.032611  0.039714     1.000000   \n",
              "Q25_2_Total  -0.020308 -0.023301  0.034920 -0.048935  0.243586     0.339251   \n",
              "Q25_3_Total  -0.124936 -0.073768  0.103293 -0.035980  0.078250     0.212012   \n",
              "Q25_4_Total  -0.075626 -0.068139  0.108869  0.058984  0.308390     0.357648   \n",
              "Q25_5_Total  -0.128765  0.104560  0.035285 -0.045171  0.064897     0.028083   \n",
              "Q25_6_Total  -0.130506  0.004206  0.021804  0.073058  0.167932     0.209743   \n",
              "Q25_7_Total  -0.013946 -0.086805  0.162997  0.026185  0.087058     0.114723   \n",
              "Q25_8_Total  -0.107381 -0.055480  0.030424 -0.005734  0.206885     0.078543   \n",
              "Q25_9_Total  -0.033933  0.055199 -0.033684  0.184030 -0.005709     0.448343   \n",
              "Q25_13_Total -0.055312 -0.062101  0.062593 -0.003581  0.248202     0.701667   \n",
              "\n",
              "              Q25_2_Total  Q25_3_Total  Q25_4_Total  Q25_5_Total  Q25_6_Total  \\\n",
              "id              -0.020308    -0.124936    -0.075626    -0.128765    -0.130506   \n",
              "Q3              -0.023301    -0.073768    -0.068139     0.104560     0.004206   \n",
              "Q4               0.034920     0.103293     0.108869     0.035285     0.021804   \n",
              "Q8              -0.048935    -0.035980     0.058984    -0.045171     0.073058   \n",
              "Q9_1             0.243586     0.078250     0.308390     0.064897     0.167932   \n",
              "Q25_1_Total      0.339251     0.212012     0.357648     0.028083     0.209743   \n",
              "Q25_2_Total      1.000000     0.101323     0.337338     0.122696     0.172537   \n",
              "Q25_3_Total      0.101323     1.000000     0.507307     0.110994     0.167209   \n",
              "Q25_4_Total      0.337338     0.507307     1.000000     0.223538     0.511749   \n",
              "Q25_5_Total      0.122696     0.110994     0.223538     1.000000     0.553744   \n",
              "Q25_6_Total      0.172537     0.167209     0.511749     0.553744     1.000000   \n",
              "Q25_7_Total      0.218334     0.153577     0.252059     0.353519     0.460126   \n",
              "Q25_8_Total      0.464083     0.088534     0.311187     0.498519     0.744157   \n",
              "Q25_9_Total      0.010854    -0.140330     0.236264     0.248519     0.501054   \n",
              "Q25_13_Total     0.337987     0.608265     0.637316     0.249774     0.526548   \n",
              "\n",
              "              Q25_7_Total  Q25_8_Total  Q25_9_Total  Q25_13_Total  \n",
              "id              -0.013946    -0.107381    -0.033933     -0.055312  \n",
              "Q3              -0.086805    -0.055480     0.055199     -0.062101  \n",
              "Q4               0.162997     0.030424    -0.033684      0.062593  \n",
              "Q8               0.026185    -0.005734     0.184030     -0.003581  \n",
              "Q9_1             0.087058     0.206885    -0.005709      0.248202  \n",
              "Q25_1_Total      0.114723     0.078543     0.448343      0.701667  \n",
              "Q25_2_Total      0.218334     0.464083     0.010854      0.337987  \n",
              "Q25_3_Total      0.153577     0.088534    -0.140330      0.608265  \n",
              "Q25_4_Total      0.252059     0.311187     0.236264      0.637316  \n",
              "Q25_5_Total      0.353519     0.498519     0.248519      0.249774  \n",
              "Q25_6_Total      0.460126     0.744157     0.501054      0.526548  \n",
              "Q25_7_Total      1.000000     0.230949     0.514126      0.356767  \n",
              "Q25_8_Total      0.230949     1.000000    -0.018034      0.257982  \n",
              "Q25_9_Total      0.514126    -0.018034     1.000000      0.576713  \n",
              "Q25_13_Total     0.356767     0.257982     0.576713      1.000000  "
            ],
            "text/html": [
              "\n",
              "  <div id=\"df-ce36ed1d-09b2-425a-bcec-7d0650dd3297\">\n",
              "    <div class=\"colab-df-container\">\n",
              "      <div>\n",
              "<style scoped>\n",
              "    .dataframe tbody tr th:only-of-type {\n",
              "        vertical-align: middle;\n",
              "    }\n",
              "\n",
              "    .dataframe tbody tr th {\n",
              "        vertical-align: top;\n",
              "    }\n",
              "\n",
              "    .dataframe thead th {\n",
              "        text-align: right;\n",
              "    }\n",
              "</style>\n",
              "<table border=\"1\" class=\"dataframe\">\n",
              "  <thead>\n",
              "    <tr style=\"text-align: right;\">\n",
              "      <th></th>\n",
              "      <th>id</th>\n",
              "      <th>Q3</th>\n",
              "      <th>Q4</th>\n",
              "      <th>Q8</th>\n",
              "      <th>Q9_1</th>\n",
              "      <th>Q25_1_Total</th>\n",
              "      <th>Q25_2_Total</th>\n",
              "      <th>Q25_3_Total</th>\n",
              "      <th>Q25_4_Total</th>\n",
              "      <th>Q25_5_Total</th>\n",
              "      <th>Q25_6_Total</th>\n",
              "      <th>Q25_7_Total</th>\n",
              "      <th>Q25_8_Total</th>\n",
              "      <th>Q25_9_Total</th>\n",
              "      <th>Q25_13_Total</th>\n",
              "    </tr>\n",
              "  </thead>\n",
              "  <tbody>\n",
              "    <tr>\n",
              "      <th>id</th>\n",
              "      <td>1.000000</td>\n",
              "      <td>-0.026273</td>\n",
              "      <td>0.031013</td>\n",
              "      <td>0.064482</td>\n",
              "      <td>0.130939</td>\n",
              "      <td>-0.050407</td>\n",
              "      <td>-0.020308</td>\n",
              "      <td>-0.124936</td>\n",
              "      <td>-0.075626</td>\n",
              "      <td>-0.128765</td>\n",
              "      <td>-0.130506</td>\n",
              "      <td>-0.013946</td>\n",
              "      <td>-0.107381</td>\n",
              "      <td>-0.033933</td>\n",
              "      <td>-0.055312</td>\n",
              "    </tr>\n",
              "    <tr>\n",
              "      <th>Q3</th>\n",
              "      <td>-0.026273</td>\n",
              "      <td>1.000000</td>\n",
              "      <td>0.028114</td>\n",
              "      <td>-0.002291</td>\n",
              "      <td>-0.022807</td>\n",
              "      <td>-0.053499</td>\n",
              "      <td>-0.023301</td>\n",
              "      <td>-0.073768</td>\n",
              "      <td>-0.068139</td>\n",
              "      <td>0.104560</td>\n",
              "      <td>0.004206</td>\n",
              "      <td>-0.086805</td>\n",
              "      <td>-0.055480</td>\n",
              "      <td>0.055199</td>\n",
              "      <td>-0.062101</td>\n",
              "    </tr>\n",
              "    <tr>\n",
              "      <th>Q4</th>\n",
              "      <td>0.031013</td>\n",
              "      <td>0.028114</td>\n",
              "      <td>1.000000</td>\n",
              "      <td>0.111387</td>\n",
              "      <td>0.016952</td>\n",
              "      <td>0.129127</td>\n",
              "      <td>0.034920</td>\n",
              "      <td>0.103293</td>\n",
              "      <td>0.108869</td>\n",
              "      <td>0.035285</td>\n",
              "      <td>0.021804</td>\n",
              "      <td>0.162997</td>\n",
              "      <td>0.030424</td>\n",
              "      <td>-0.033684</td>\n",
              "      <td>0.062593</td>\n",
              "    </tr>\n",
              "    <tr>\n",
              "      <th>Q8</th>\n",
              "      <td>0.064482</td>\n",
              "      <td>-0.002291</td>\n",
              "      <td>0.111387</td>\n",
              "      <td>1.000000</td>\n",
              "      <td>0.033911</td>\n",
              "      <td>0.032611</td>\n",
              "      <td>-0.048935</td>\n",
              "      <td>-0.035980</td>\n",
              "      <td>0.058984</td>\n",
              "      <td>-0.045171</td>\n",
              "      <td>0.073058</td>\n",
              "      <td>0.026185</td>\n",
              "      <td>-0.005734</td>\n",
              "      <td>0.184030</td>\n",
              "      <td>-0.003581</td>\n",
              "    </tr>\n",
              "    <tr>\n",
              "      <th>Q9_1</th>\n",
              "      <td>0.130939</td>\n",
              "      <td>-0.022807</td>\n",
              "      <td>0.016952</td>\n",
              "      <td>0.033911</td>\n",
              "      <td>1.000000</td>\n",
              "      <td>0.039714</td>\n",
              "      <td>0.243586</td>\n",
              "      <td>0.078250</td>\n",
              "      <td>0.308390</td>\n",
              "      <td>0.064897</td>\n",
              "      <td>0.167932</td>\n",
              "      <td>0.087058</td>\n",
              "      <td>0.206885</td>\n",
              "      <td>-0.005709</td>\n",
              "      <td>0.248202</td>\n",
              "    </tr>\n",
              "    <tr>\n",
              "      <th>Q25_1_Total</th>\n",
              "      <td>-0.050407</td>\n",
              "      <td>-0.053499</td>\n",
              "      <td>0.129127</td>\n",
              "      <td>0.032611</td>\n",
              "      <td>0.039714</td>\n",
              "      <td>1.000000</td>\n",
              "      <td>0.339251</td>\n",
              "      <td>0.212012</td>\n",
              "      <td>0.357648</td>\n",
              "      <td>0.028083</td>\n",
              "      <td>0.209743</td>\n",
              "      <td>0.114723</td>\n",
              "      <td>0.078543</td>\n",
              "      <td>0.448343</td>\n",
              "      <td>0.701667</td>\n",
              "    </tr>\n",
              "    <tr>\n",
              "      <th>Q25_2_Total</th>\n",
              "      <td>-0.020308</td>\n",
              "      <td>-0.023301</td>\n",
              "      <td>0.034920</td>\n",
              "      <td>-0.048935</td>\n",
              "      <td>0.243586</td>\n",
              "      <td>0.339251</td>\n",
              "      <td>1.000000</td>\n",
              "      <td>0.101323</td>\n",
              "      <td>0.337338</td>\n",
              "      <td>0.122696</td>\n",
              "      <td>0.172537</td>\n",
              "      <td>0.218334</td>\n",
              "      <td>0.464083</td>\n",
              "      <td>0.010854</td>\n",
              "      <td>0.337987</td>\n",
              "    </tr>\n",
              "    <tr>\n",
              "      <th>Q25_3_Total</th>\n",
              "      <td>-0.124936</td>\n",
              "      <td>-0.073768</td>\n",
              "      <td>0.103293</td>\n",
              "      <td>-0.035980</td>\n",
              "      <td>0.078250</td>\n",
              "      <td>0.212012</td>\n",
              "      <td>0.101323</td>\n",
              "      <td>1.000000</td>\n",
              "      <td>0.507307</td>\n",
              "      <td>0.110994</td>\n",
              "      <td>0.167209</td>\n",
              "      <td>0.153577</td>\n",
              "      <td>0.088534</td>\n",
              "      <td>-0.140330</td>\n",
              "      <td>0.608265</td>\n",
              "    </tr>\n",
              "    <tr>\n",
              "      <th>Q25_4_Total</th>\n",
              "      <td>-0.075626</td>\n",
              "      <td>-0.068139</td>\n",
              "      <td>0.108869</td>\n",
              "      <td>0.058984</td>\n",
              "      <td>0.308390</td>\n",
              "      <td>0.357648</td>\n",
              "      <td>0.337338</td>\n",
              "      <td>0.507307</td>\n",
              "      <td>1.000000</td>\n",
              "      <td>0.223538</td>\n",
              "      <td>0.511749</td>\n",
              "      <td>0.252059</td>\n",
              "      <td>0.311187</td>\n",
              "      <td>0.236264</td>\n",
              "      <td>0.637316</td>\n",
              "    </tr>\n",
              "    <tr>\n",
              "      <th>Q25_5_Total</th>\n",
              "      <td>-0.128765</td>\n",
              "      <td>0.104560</td>\n",
              "      <td>0.035285</td>\n",
              "      <td>-0.045171</td>\n",
              "      <td>0.064897</td>\n",
              "      <td>0.028083</td>\n",
              "      <td>0.122696</td>\n",
              "      <td>0.110994</td>\n",
              "      <td>0.223538</td>\n",
              "      <td>1.000000</td>\n",
              "      <td>0.553744</td>\n",
              "      <td>0.353519</td>\n",
              "      <td>0.498519</td>\n",
              "      <td>0.248519</td>\n",
              "      <td>0.249774</td>\n",
              "    </tr>\n",
              "    <tr>\n",
              "      <th>Q25_6_Total</th>\n",
              "      <td>-0.130506</td>\n",
              "      <td>0.004206</td>\n",
              "      <td>0.021804</td>\n",
              "      <td>0.073058</td>\n",
              "      <td>0.167932</td>\n",
              "      <td>0.209743</td>\n",
              "      <td>0.172537</td>\n",
              "      <td>0.167209</td>\n",
              "      <td>0.511749</td>\n",
              "      <td>0.553744</td>\n",
              "      <td>1.000000</td>\n",
              "      <td>0.460126</td>\n",
              "      <td>0.744157</td>\n",
              "      <td>0.501054</td>\n",
              "      <td>0.526548</td>\n",
              "    </tr>\n",
              "    <tr>\n",
              "      <th>Q25_7_Total</th>\n",
              "      <td>-0.013946</td>\n",
              "      <td>-0.086805</td>\n",
              "      <td>0.162997</td>\n",
              "      <td>0.026185</td>\n",
              "      <td>0.087058</td>\n",
              "      <td>0.114723</td>\n",
              "      <td>0.218334</td>\n",
              "      <td>0.153577</td>\n",
              "      <td>0.252059</td>\n",
              "      <td>0.353519</td>\n",
              "      <td>0.460126</td>\n",
              "      <td>1.000000</td>\n",
              "      <td>0.230949</td>\n",
              "      <td>0.514126</td>\n",
              "      <td>0.356767</td>\n",
              "    </tr>\n",
              "    <tr>\n",
              "      <th>Q25_8_Total</th>\n",
              "      <td>-0.107381</td>\n",
              "      <td>-0.055480</td>\n",
              "      <td>0.030424</td>\n",
              "      <td>-0.005734</td>\n",
              "      <td>0.206885</td>\n",
              "      <td>0.078543</td>\n",
              "      <td>0.464083</td>\n",
              "      <td>0.088534</td>\n",
              "      <td>0.311187</td>\n",
              "      <td>0.498519</td>\n",
              "      <td>0.744157</td>\n",
              "      <td>0.230949</td>\n",
              "      <td>1.000000</td>\n",
              "      <td>-0.018034</td>\n",
              "      <td>0.257982</td>\n",
              "    </tr>\n",
              "    <tr>\n",
              "      <th>Q25_9_Total</th>\n",
              "      <td>-0.033933</td>\n",
              "      <td>0.055199</td>\n",
              "      <td>-0.033684</td>\n",
              "      <td>0.184030</td>\n",
              "      <td>-0.005709</td>\n",
              "      <td>0.448343</td>\n",
              "      <td>0.010854</td>\n",
              "      <td>-0.140330</td>\n",
              "      <td>0.236264</td>\n",
              "      <td>0.248519</td>\n",
              "      <td>0.501054</td>\n",
              "      <td>0.514126</td>\n",
              "      <td>-0.018034</td>\n",
              "      <td>1.000000</td>\n",
              "      <td>0.576713</td>\n",
              "    </tr>\n",
              "    <tr>\n",
              "      <th>Q25_13_Total</th>\n",
              "      <td>-0.055312</td>\n",
              "      <td>-0.062101</td>\n",
              "      <td>0.062593</td>\n",
              "      <td>-0.003581</td>\n",
              "      <td>0.248202</td>\n",
              "      <td>0.701667</td>\n",
              "      <td>0.337987</td>\n",
              "      <td>0.608265</td>\n",
              "      <td>0.637316</td>\n",
              "      <td>0.249774</td>\n",
              "      <td>0.526548</td>\n",
              "      <td>0.356767</td>\n",
              "      <td>0.257982</td>\n",
              "      <td>0.576713</td>\n",
              "      <td>1.000000</td>\n",
              "    </tr>\n",
              "  </tbody>\n",
              "</table>\n",
              "</div>\n",
              "      <button class=\"colab-df-convert\" onclick=\"convertToInteractive('df-ce36ed1d-09b2-425a-bcec-7d0650dd3297')\"\n",
              "              title=\"Convert this dataframe to an interactive table.\"\n",
              "              style=\"display:none;\">\n",
              "        \n",
              "  <svg xmlns=\"http://www.w3.org/2000/svg\" height=\"24px\"viewBox=\"0 0 24 24\"\n",
              "       width=\"24px\">\n",
              "    <path d=\"M0 0h24v24H0V0z\" fill=\"none\"/>\n",
              "    <path d=\"M18.56 5.44l.94 2.06.94-2.06 2.06-.94-2.06-.94-.94-2.06-.94 2.06-2.06.94zm-11 1L8.5 8.5l.94-2.06 2.06-.94-2.06-.94L8.5 2.5l-.94 2.06-2.06.94zm10 10l.94 2.06.94-2.06 2.06-.94-2.06-.94-.94-2.06-.94 2.06-2.06.94z\"/><path d=\"M17.41 7.96l-1.37-1.37c-.4-.4-.92-.59-1.43-.59-.52 0-1.04.2-1.43.59L10.3 9.45l-7.72 7.72c-.78.78-.78 2.05 0 2.83L4 21.41c.39.39.9.59 1.41.59.51 0 1.02-.2 1.41-.59l7.78-7.78 2.81-2.81c.8-.78.8-2.07 0-2.86zM5.41 20L4 18.59l7.72-7.72 1.47 1.35L5.41 20z\"/>\n",
              "  </svg>\n",
              "      </button>\n",
              "      \n",
              "  <style>\n",
              "    .colab-df-container {\n",
              "      display:flex;\n",
              "      flex-wrap:wrap;\n",
              "      gap: 12px;\n",
              "    }\n",
              "\n",
              "    .colab-df-convert {\n",
              "      background-color: #E8F0FE;\n",
              "      border: none;\n",
              "      border-radius: 50%;\n",
              "      cursor: pointer;\n",
              "      display: none;\n",
              "      fill: #1967D2;\n",
              "      height: 32px;\n",
              "      padding: 0 0 0 0;\n",
              "      width: 32px;\n",
              "    }\n",
              "\n",
              "    .colab-df-convert:hover {\n",
              "      background-color: #E2EBFA;\n",
              "      box-shadow: 0px 1px 2px rgba(60, 64, 67, 0.3), 0px 1px 3px 1px rgba(60, 64, 67, 0.15);\n",
              "      fill: #174EA6;\n",
              "    }\n",
              "\n",
              "    [theme=dark] .colab-df-convert {\n",
              "      background-color: #3B4455;\n",
              "      fill: #D2E3FC;\n",
              "    }\n",
              "\n",
              "    [theme=dark] .colab-df-convert:hover {\n",
              "      background-color: #434B5C;\n",
              "      box-shadow: 0px 1px 3px 1px rgba(0, 0, 0, 0.15);\n",
              "      filter: drop-shadow(0px 1px 2px rgba(0, 0, 0, 0.3));\n",
              "      fill: #FFFFFF;\n",
              "    }\n",
              "  </style>\n",
              "\n",
              "      <script>\n",
              "        const buttonEl =\n",
              "          document.querySelector('#df-ce36ed1d-09b2-425a-bcec-7d0650dd3297 button.colab-df-convert');\n",
              "        buttonEl.style.display =\n",
              "          google.colab.kernel.accessAllowed ? 'block' : 'none';\n",
              "\n",
              "        async function convertToInteractive(key) {\n",
              "          const element = document.querySelector('#df-ce36ed1d-09b2-425a-bcec-7d0650dd3297');\n",
              "          const dataTable =\n",
              "            await google.colab.kernel.invokeFunction('convertToInteractive',\n",
              "                                                     [key], {});\n",
              "          if (!dataTable) return;\n",
              "\n",
              "          const docLinkHtml = 'Like what you see? Visit the ' +\n",
              "            '<a target=\"_blank\" href=https://colab.research.google.com/notebooks/data_table.ipynb>data table notebook</a>'\n",
              "            + ' to learn more about interactive tables.';\n",
              "          element.innerHTML = '';\n",
              "          dataTable['output_type'] = 'display_data';\n",
              "          await google.colab.output.renderOutput(dataTable, element);\n",
              "          const docLink = document.createElement('div');\n",
              "          docLink.innerHTML = docLinkHtml;\n",
              "          element.appendChild(docLink);\n",
              "        }\n",
              "      </script>\n",
              "    </div>\n",
              "  </div>\n",
              "  "
            ]
          },
          "metadata": {},
          "execution_count": 120
        }
      ]
    },
    {
      "cell_type": "code",
      "source": [],
      "metadata": {
        "id": "B27pbGawWtm1"
      },
      "execution_count": null,
      "outputs": []
    },
    {
      "cell_type": "code",
      "source": [],
      "metadata": {
        "id": "pTpc2vuKMCaf"
      },
      "execution_count": null,
      "outputs": []
    },
    {
      "cell_type": "code",
      "source": [
        "\n",
        "import pandas as pd\n",
        "df = pd.read_csv(\"turism.csv\")\n",
        "# transforming pandas into trips structure\n",
        "turism = {\n",
        "    'Olga': { 'Khalkidhiki': 4.5,        'Thasos': 5.0,  'Crete': 5.0,        'Santorini': 4.5,   'Odessa': 2.5,    },\n",
        "    'Ion': {   'Leptokaria': 3.5,   'Moscow': 5.0,    'London': 4.5,  }\n",
        "}\n",
        "\n",
        "def nota(txt):\n",
        "  txt = txt.lower().strip()\n",
        "  if txt == \"very satisfied\": return 5\n",
        "  if txt == \"satisfied\": return 4\n",
        "  if txt == \"neither satisfied, nor dissatisfied\": return 3\n",
        "  if txt == \"dissatisfied\": return 2\n",
        "  if txt == \"very dissatisfied\": return 1\n",
        "  return 0\n",
        "\n",
        "def code(v1, v2, obj):\n",
        "    if v1==\"I visited\":  \n",
        "        if nota(v2)!=0 :  trips[obj]= nota(v2) \n",
        "\n",
        "# for idx, row in df[0:20].iterrows():\n",
        "for idx, row in df.iterrows():\n",
        "    # print(row['id'])\n",
        "    trips={} \n",
        "    code(row['Q26_11'], row['Q27_11'], 'Museums')  \n",
        "    code(row['Q26_12'], row['Q27_12'], 'Theaters')  \n",
        "\n",
        "    code(row['Q26_13'], row['Q27_13'], 'Restaurants') \n",
        "    code(row['Q26_13'], row['Q27_13'], 'Wine')  \n",
        "    code(row['Q26_13'], row['Q27_13'], 'Clubs') \n",
        "\n",
        "    code(row['Q26_21'], row['Q27_21'], 'Milestii mici')  \n",
        "    code(row['Q26_22'], row['Q27_22'], 'Cricova')         \n",
        "    code(row['Q26_23'], row['Q27_23'], 'Purcari')         \n",
        "    code(row['Q26_24'], row['Q27_24'], 'Chateau Cojushna')\n",
        "    code(row['Q26_25'], row['Q27_25'], 'Chateau Vartely')\n",
        "    code(row['Q26_26'], row['Q27_26'], 'Castel Mimi')\n",
        "    code(row['Q26_27'], row['Q27_27'], 'Asconi Winery')\n",
        "    code(row['Q26_27'], row['Q27_27'], 'EtCetera Winery')\n",
        "    code(row['Q26_3'], row['Q27_3'], 'Orheiul Vechi')\n",
        "    code(row['Q26_41'], row['Q27_41'], 'Capriana')\n",
        "    code(row['Q26_42'], row['Q27_42'], 'Saharna')\n",
        "    code(row['Q26_43'], row['Q27_43'], 'Tipova')  \n",
        "\n",
        "    code(row['Q26_51'], row['Q27_51'], 'Soroca fortress')  \n",
        "    code(row['Q26_52'], row['Q27_52'], 'The castle Manuc Bei') \n",
        "    code(row['Q26_53'], row['Q27_53'], 'Castle Mimi') \n",
        "    \n",
        "    code(row['Q26_61'], row['Q27_61'], 'Padurea Domneasca') \n",
        "    code(row['Q26_62'], row['Q27_62'], 'Codri') \n",
        "    code(row['Q26_63'], row['Q27_63'], 'Cave Emil Racovita') \n",
        "    code(row['Q26_64'], row['Q27_64'], 'Lower Prut Biosphere') \n",
        "\n",
        "    code(row['Q26_71'], row['Q27_71'], 'Chisinau nternational Marathon (September)') \n",
        "    code(row['Q26_72'], row['Q27_72'], 'Ethnojazz Festival Spt. 20-30') \n",
        "    code(row['Q26_73'], row['Q27_73'], 'Wine Festival Oct 6-7') \n",
        "    code(row['Q26_74'], row['Q27_74'], 'City Anniversary') \n",
        "    code(row['Q26_74'], row['Q27_74'], 'Weddings/cumatria')     \n",
        "\n",
        "    code(row['Q26_81'], row['Q27_81'], 'Weddings/cumatria')     \n",
        "    code(row['Q26_82'], row['Q27_82'], 'Casa din Lunca')  \n",
        "    code(row['Q26_83'], row['Q27_83'], 'Hanu lui Ganganu') \n",
        "    code(row['Q26_84'], row['Q27_84'], 'Fata Morgana') \n",
        "    code(row['Q26_85'], row['Q27_85'], 'The greeen house/Casa Verde') \n",
        "    code(row['Q26_86'], row['Q27_86'], 'Pink Villa/Vila Roz') \n",
        "    # print(idx, trips)\n",
        "    turism[row['id']]=trips\n",
        "\n",
        "\n",
        "\n"
      ],
      "metadata": {
        "id": "HtXmw6WNLaC8"
      },
      "execution_count": null,
      "outputs": []
    },
    {
      "cell_type": "code",
      "source": [
        "all_locations ={}\n",
        "for idx, person_name in enumerate(turism.keys()):\n",
        "  # print(person)\n",
        "  person_trips=turism[person_name]\n",
        "  for location in person_trips.keys():\n",
        "    nota = person_trips[location]\n",
        "    all_locations[location]=all_locations.get(location,0)+nota\n",
        "\n",
        "top = sorted(all_locations.items(), key=lambda x: x[1], reverse=True)\n",
        "\n",
        "print(top)\n",
        "for loc in top:\n",
        "  print(loc[1], \": \", loc[0])\n"
      ],
      "metadata": {
        "colab": {
          "base_uri": "https://localhost:8080/"
        },
        "id": "KH62oNv0Ec4j",
        "outputId": "3b318c61-d033-432a-e735-c5b1b425bab9"
      },
      "execution_count": 136,
      "outputs": [
        {
          "output_type": "stream",
          "name": "stdout",
          "text": [
            "[('Restaurants', 3615), ('Wine', 3615), ('Clubs', 3615), ('Wine Festival Oct 6-7', 2198), ('Orheiul Vechi', 1911), ('Cricova', 1784), ('Museums', 1768), ('Soroca fortress', 1622), ('Weddings/cumatria', 1358), ('Milestii mici', 1258), ('Saharna', 1210), ('Capriana', 1202), ('City Anniversary', 1034), ('Purcari', 1013), ('Castle Mimi', 990), ('Theaters', 969), ('Codri', 782), ('Castel Mimi', 762), ('Asconi Winery', 734), ('EtCetera Winery', 734), ('Tipova', 692), ('Chateau Vartely', 525), ('The castle Manuc Bei', 330), ('Chateau Cojushna', 327), ('Hanu lui Ganganu', 287), ('Padurea Domneasca', 266), ('Pink Villa/Vila Roz', 228), ('Cave Emil Racovita', 167), ('Chisinau nternational Marathon (September)', 140), ('Casa din Lunca', 134), ('Fata Morgana', 127), ('Lower Prut Biosphere', 115), ('The greeen house/Casa Verde', 108), ('Ethnojazz Festival Spt. 20-30', 59), ('Moscow', 5.0), ('London', 4.5), ('Leptokaria', 3.5)]\n",
            "3615 :  Restaurants\n",
            "3615 :  Wine\n",
            "3615 :  Clubs\n",
            "2198 :  Wine Festival Oct 6-7\n",
            "1911 :  Orheiul Vechi\n",
            "1784 :  Cricova\n",
            "1768 :  Museums\n",
            "1622 :  Soroca fortress\n",
            "1358 :  Weddings/cumatria\n",
            "1258 :  Milestii mici\n",
            "1210 :  Saharna\n",
            "1202 :  Capriana\n",
            "1034 :  City Anniversary\n",
            "1013 :  Purcari\n",
            "990 :  Castle Mimi\n",
            "969 :  Theaters\n",
            "782 :  Codri\n",
            "762 :  Castel Mimi\n",
            "734 :  Asconi Winery\n",
            "734 :  EtCetera Winery\n",
            "692 :  Tipova\n",
            "525 :  Chateau Vartely\n",
            "330 :  The castle Manuc Bei\n",
            "327 :  Chateau Cojushna\n",
            "287 :  Hanu lui Ganganu\n",
            "266 :  Padurea Domneasca\n",
            "228 :  Pink Villa/Vila Roz\n",
            "167 :  Cave Emil Racovita\n",
            "140 :  Chisinau nternational Marathon (September)\n",
            "134 :  Casa din Lunca\n",
            "127 :  Fata Morgana\n",
            "115 :  Lower Prut Biosphere\n",
            "108 :  The greeen house/Casa Verde\n",
            "59 :  Ethnojazz Festival Spt. 20-30\n",
            "5.0 :  Moscow\n",
            "4.5 :  London\n",
            "3.5 :  Leptokaria\n"
          ]
        }
      ]
    },
    {
      "cell_type": "code",
      "source": [
        "# result per person\n",
        "for idx, person in enumerate(turism.keys()):\n",
        "  print(idx, person, turism[person])\n",
        "  "
      ],
      "metadata": {
        "id": "MhggmyMvEJrO"
      },
      "execution_count": null,
      "outputs": []
    }
  ]
}